0.0000000e+00 5.0000000e+00 0.0000000e+00 2.9291639e+00
1.0000000e-01 4.9990000e+00 9.9993333e-02 2.9188252e+00
2.0000000e-01 4.9960005e+00 1.9994667e-01 2.8975770e+00
3.0000000e-01 4.9910027e+00 2.9982003e-01 2.8659331e+00
4.0000000e-01 4.9840085e+00 3.9957347e-01 2.8245298e+00
5.0000000e-01 4.9750208e+00 4.9916708e-01 2.7741074e+00
6.0000000e-01 4.9640432e+00 5.9856104e-01 2.7154916e+00
7.0000000e-01 4.9510800e+00 6.9771557e-01 2.6495727e+00
8.0000000e-01 4.9361364e+00 7.9659103e-01 2.5772867e+00
9.0000000e-01 4.9192185e+00 8.9514787e-01 2.4995949e+00
1.0000000e+00 4.9003329e+00 9.9334665e-01 2.4174671e+00
1.1000000e+00 4.8794872e+00 1.0911481e+00 2.3318644e+00
1.2000000e+00 4.8566899e+00 1.1885131e+00 2.2437258e+00
1.3000000e+00 4.8319499e+00 1.2854028e+00 2.1539562e+00
1.4000000e+00 4.8052772e+00 1.3817782e+00 2.0634177e+00
1.5000000e+00 4.7766824e+00 1.4776010e+00 1.9729239e+00
1.6000000e+00 4.7461771e+00 1.5728328e+00 1.8832359e+00
1.7000000e+00 4.7137733e+00 1.6674355e+00 1.7950623e+00
1.8000000e+00 4.6794841e+00 1.7613712e+00 1.7090601e+00
1.9000000e+00 4.6433232e+00 1.8546023e+00 1.6258390e+00
2.0000000e+00 4.6053050e+00 1.9470917e+00 1.5459656e+00
2.1000000e+00 4.5654447e+00 2.0388023e+00 1.4699702e+00
2.2000000e+00 4.5237583e+00 2.1296973e+00 1.3983531e+00
2.3000000e+00 4.4802625e+00 2.2197405e+00 1.3315912e+00
2.4000000e+00 4.4349746e+00 2.3088959e+00 1.2701436e+00
2.5000000e+00 4.3879128e+00 2.3971277e+00 1.2144573e+00
2.6000000e+00 4.3390959e+00 2.4844007e+00 1.1649698e+00
2.7000000e+00 4.2885434e+00 2.5706800e+00 1.1221110e+00
2.8000000e+00 4.2362756e+00 2.6559310e+00 1.0863031e+00
2.9000000e+00 4.1823132e+00 2.7401197e+00 1.0579570e+00
3.0000000e+00 4.1266781e+00 2.8232124e+00 1.0374681e+00
3.1000000e+00 4.0693923e+00 2.9051758e+00 1.0252087e+00
3.2000000e+00 4.0104788e+00 2.9859772e+00 1.0215190e+00
3.3000000e+00 3.9499612e+00 3.0655843e+00 1.0266961e+00
3.4000000e+00 3.8878636e+00 3.1439651e+00 1.0409822e+00
3.5000000e+00 3.8242109e+00 3.2210884e+00 1.0645515e+00
3.6000000e+00 3.7590286e+00 3.2969234e+00 1.0974968e+00
3.7000000e+00 3.6923428e+00 3.3714396e+00 1.1398176e+00
3.8000000e+00 3.6241801e+00 3.4446072e+00 1.1914072e+00
3.9000000e+00 3.5545677e+00 3.5163971e+00 1.2520435e+00
4.0000000e+00 3.4835335e+00 3.5867805e+00 1.3213798e+00
4.1000000e+00 3.4111060e+00 3.6557291e+00 1.3989399e+00
4.2000000e+00 3.3373141e+00 3.7232156e+00 1.4841153e+00
4.3000000e+00 3.2621873e+00 3.7892128e+00 1.5761659e+00
4.4000000e+00 3.1857557e+00 3.8536944e+00 1.6742242e+00
4.5000000e+00 3.1080498e+00 3.9166345e+00 1.7773033e+00
4.6000000e+00 3.0291008e+00 3.9780081e+00 1.8843084e+00
4.7000000e+00 2.9489401e+00 4.0377905e+00 1.9940515e+00
4.8000000e+00 2.8675999e+00 4.0959578e+00 2.1052693e+00
4.9000000e+00 2.7851127e+00 4.1524869e+00 2.2166438e+00
5.0000000e+00 2.7015115e+00 4.2073549e+00 2.3268253e+00
5.1000000e+00 2.6168298e+00 4.2605401e+00 2.4344562e+00
5.2000000e+00 2.5311013e+00 4.3120211e+00 2.5381965e+00
5.3000000e+00 2.4443604e+00 4.3617774e+00 2.6367487e+00
5.4000000e+00 2.3566418e+00 4.4097890e+00 2.7288831e+00
5.5000000e+00 2.2679806e+00 4.4560368e+00 2.8134605e+00
5.6000000e+00 2.1784122e+00 4.5005022e+00 2.8894541e+00
5.7000000e+00 2.0879725e+00 4.5431675e+00 2.9559681e+00
5.8000000e+00 1.9966976e+00 4.5840155e+00 3.0122538e+00
5.9000000e+00 1.9046241e+00 4.6230301e+00 3.0577213e+00
6.0000000e+00 1.8117888e+00 4.6601954e+00 3.0919484e+00
6.1000000e+00 1.7182287e+00 4.6954968e+00 3.1146842e+00
6.2000000e+00 1.6239814e+00 4.7289200e+00 3.1258503e+00
6.3000000e+00 1.5290845e+00 4.7604517e+00 3.1255360e+00
6.4000000e+00 1.4335760e+00 4.7900793e+00 3.1139915e+00
6.5000000e+00 1.3374941e+00 4.8177909e+00 3.0916169e+00
6.6000000e+00 1.2408773e+00 4.8435755e+00 3.0589477e+00
6.7000000e+00 1.1437640e+00 4.8674227e+00 3.0166390e+00
6.8000000e+00 1.0461933e+00 4.8893230e+00 2.9654468e+00
6.9000000e+00 9.4820416e-01 4.9092677e+00 2.9062092e+00
7.0000000e+00 8.4983571e-01 4.9272486e+00 2.8398255e+00
7.1000000e+00 7.5112735e-01 4.9432588e+00 2.7672372e+00
7.2000000e+00 6.5211854e-01 4.9572917e+00 2.6894085e+00
7.3000000e+00 5.5284890e-01 4.9693418e+00 2.6073085e+00
7.4000000e+00 4.5335812e-01 4.9794042e+00 2.5218958e+00
7.5000000e+00 3.5368601e-01 4.9874749e+00 2.4341041e+00
7.6000000e+00 2.5387242e-01 4.9935507e+00 2.3448319e+00
7.7000000e+00 1.5395730e-01 4.9976292e+00 2.2549335e+00
7.8000000e+00 5.3980585e-02 4.9997086e+00 2.1652137e+00
7.9000000e+00 -4.6017716e-02 4.9997882e+00 2.0764249e+00
8.0000000e+00 -1.4599761e-01 4.9978680e+00 1.9892668e+00
8.1000000e+00 -2.4591911e-01 4.9939487e+00 1.9043881e+00
8.2000000e+00 -3.4574224e-01 4.9880319e+00 1.8223909e+00
8.3000000e+00 -4.4542708e-01 4.9801199e+00 1.7438354e+00
8.4000000e+00 -5.4493376e-01 4.9702160e+00 1.6692462e+00
8.5000000e+00 -6.4422247e-01 4.9583241e+00 1.5991193e+00
8.6000000e+00 -7.4325350e-01 4.9444488e+00 1.5339283e+00
8.7000000e+00 -8.4198724e-01 4.9285959e+00 1.4741299e+00
8.8000000e+00 -9.4038419e-01 4.9107716e+00 1.4201692e+00
8.9000000e+00 -1.0384050e+00 4.8909830e+00 1.3724825e+00
9.0000000e+00 -1.1360105e+00 4.8692382e+00 1.3314986e+00
9.1000000e+00 -1.2331615e+00 4.8455456e+00 1.2976378e+00
9.2000000e+00 -1.3298194e+00 4.8199150e+00 1.2713091e+00
9.3000000e+00 -1.4259453e+00 4.7923564e+00 1.2529044e+00
9.4000000e+00 -1.5215009e+00 4.7628810e+00 1.2427914e+00
9.5000000e+00 -1.6164478e+00 4.7315004e+00 1.2413037e+00
9.6000000e+00 -1.7107483e+00 4.6982274e+00 1.2487303e+00
9.7000000e+00 -1.8043644e+00 4.6630751e+00 1.2653027e+00
9.8000000e+00 -1.8972588e+00 4.6260576e+00 1.2911823e+00
9.9000000e+00 -1.9893944e+00 4.5871898e+00 1.3264473e+00
1.0000000e+01 -2.0807342e+00 4.5464871e+00 1.3710799e+00
1.0100000e+01 -2.1712417e+00 4.5039660e+00 1.4249550e+00
1.0200000e+01 -2.2608808e+00 4.4596433e+00 1.4878296e+00
1.0300000e+01 -2.3496156e+00 4.4135368e+00 1.5593360e+00
1.0400000e+01 -2.4374105e+00 4.3656649e+00 1.6389756e+00
1.0500000e+01 -2.5242305e+00 4.3160468e+00 1.7261177e+00
1.0600000e+01 -2.6100409e+00 4.2647024e+00 1.8200003e+00
1.0700000e+01 -2.6948072e+00 4.2116522e+00 1.9197354e+00
1.0800000e+01 -2.7784957e+00 4.1569173e+00 2.0243169e+00
1.0900000e+01 -2.8610729e+00 4.1005197e+00 2.1326333e+00
1.1000000e+01 -2.9425056e+00 4.0424820e+00 2.2434825e+00
1.1100000e+01 -3.0227614e+00 3.9828274e+00 2.3555906e+00
1.1200000e+01 -3.1018081e+00 3.9215796e+00 2.4676326e+00
1.1300000e+01 -3.1796141e+00 3.8587633e+00 2.5782558e+00
1.1400000e+01 -3.2561483e+00 3.7944035e+00 2.6861037e+00
1.1500000e+01 -3.3313801e+00 3.7285261e+00 2.7898418e+00
1.1600000e+01 -3.4052794e+00 3.6611572e+00 2.8881823e+00
1.1700000e+01 -3.4778166e+00 3.5923240e+00 2.9799090e+00
1.1800000e+01 -3.5489628e+00 3.5220538e+00 3.0639003e+00
1.1900000e+01 -3.6186894e+00 3.4503749e+00 3.1391502e+00
1.2000000e+01 -3.6869686e+00 3.3773159e+00 3.2047866e+00
1.2100000e+01 -3.7537730e+00 3.3029060e+00 3.2600867e+00
1.2200000e+01 -3.8190760e+00 3.2271750e+00 3.3044885e+00
1.2300000e+01 -3.8828514e+00 3.1501531e+00 3.3375982e+00
1.2400000e+01 -3.9450737e+00 3.0718713e+00 3.3591943e+00
1.2500000e+01 -4.0057181e+00 2.9923607e+00 3.3692266e+00
1.2600000e+01 -4.0647602e+00 2.9116532e+00 3.3678124e+00
1.2700000e+01 -4.1221764e+00 2.8297812e+00 3.3552278e+00
1.2800000e+01 -4.1779439e+00 2.7467772e+00 3.3318968e+00
1.2900000e+01 -4.2320402e+00 2.6626745e+00 3.2983762e+00
1.3000000e+01 -4.2844438e+00 2.5775069e+00 3.2553394e+00
1.3100000e+01 -4.3351336e+00 2.4913082e+00 3.2035577e+00
1.3200000e+01 -4.3840895e+00 2.4041131e+00 3.1438806e+00
1.3300000e+01 -4.4312917e+00 2.3159563e+00 3.0772162e+00
1.3400000e+01 -4.4767215e+00 2.2268732e+00 3.0045110e+00
1.3500000e+01 -4.5203607e+00 2.1368994e+00 2.9267311e+00
1.3600000e+01 -4.5621918e+00 2.0460708e+00 2.8448452e+00
1.3700000e+01 -4.6021981e+00 1.9544239e+00 2.7598084e+00
1.3800000e+01 -4.6403636e+00 1.8619952e+00 2.6725492e+00
1.3900000e+01 -4.6766729e+00 1.7688217e+00 2.5839593e+00
1.4000000e+01 -4.7111117e+00 1.6749408e+00 2.4948849e+00
1.4100000e+01 -4.7436661e+00 1.5803898e+00 2.4061221e+00
1.4200000e+01 -4.7743231e+00 1.4852068e+00 2.3184145e+00
1.4300000e+01 -4.8030704e+00 1.3894296e+00 2.2324529e+00
1.4400000e+01 -4.8298966e+00 1.2930967e+00 2.1488781e+00
1.4500000e+01 -4.8547908e+00 1.1962466e+00 2.0682846e+00
1.4600000e+01 -4.8777432e+00 1.0989181e+00 1.9912261e+00
1.4700000e+01 -4.8987446e+00 1.0011499e+00 1.9182221e+00
1.4800000e+01 -4.9177866e+00 9.0298134e-01 1.8497643e+00
1.4900000e+01 -4.9348615e+00 8.0445157e-01 1.7863231e+00
1.5000000e+01 -4.9499625e+00 7.0560004e-01 1.7283530e+00
1.5100000e+01 -4.9630836e+00 6.0646628e-01 1.6762975e+00
1.5200000e+01 -4.9742195e+00 5.0708993e-01 1.6305916e+00
1.5300000e+01 -4.9833658e+00 4.0751076e-01 1.5916627e+00
1.5400000e+01 -4.9905189e+00 3.0776859e-01 1.5599295e+00
1.5500000e+01 -4.9956758e+00 2.0790331e-01 1.5357987e+00
1.5600000e+01 -4.9988344e+00 1.0795488e-01 1.5196586e+00
1.5700000e+01 -4.9999937e+00 7.9632646e-03 1.5118720e+00
1.5800000e+01 -4.9991529e+00 -9.2031535e-02 1.5127658e+00
1.5900000e+01 -4.9963126e+00 -1.9198952e-01 1.5226201e+00
1.6000000e+01 -4.9914739e+00 -2.9187072e-01 1.5416556e+00
1.6100000e+01 -4.9846386e+00 -3.9163517e-01 1.5700207e+00
1.6200000e+01 -4.9758095e+00 -4.9124297e-01 1.6077782e+00
1.6300000e+01 -4.9649902e+00 -5.9065428e-01 1.6548933e+00
1.6400000e+01 -4.9521849e+00 -6.8982934e-01 1.7112214e+00
1.6500000e+01 -4.9373988e+00 -7.8872847e-01 1.7764992e+00
1.6600000e+01 -4.9206379e+00 -8.8731212e-01 1.8503373e+00
1.6700000e+01 -4.9019087e+00 -9.8554086e-01 1.9322149e+00
1.6800000e+01 -4.8812189e+00 -1.0833754e+00 2.0214791e+00
1.6900000e+01 -4.8585766e+00 -1.1807766e+00 2.1173462e+00
1.7000000e+01 -4.8339910e+00 -1.2777055e+00 2.2189077e+00
1.7100000e+01 -4.8074718e+00 -1.3741234e+00 2.3251389e+00
1.7200000e+01 -4.7790297e+00 -1.4699916e+00 2.4349117e+00
1.7300000e+01 -4.7486760e+00 -1.5652718e+00 2.5470109e+00
1.7400000e+01 -4.7164230e+00 -1.6599259e+00 2.6601523e+00
1.7500000e+01 -4.6822834e+00 -1.7539161e+00 2.7730046e+00
1.7600000e+01 -4.6462710e+00 -1.8472048e+00 2.8842127e+00
1.7700000e+01 -4.6084002e+00 -1.9397546e+00 2.9924222e+00
1.7800000e+01 -4.5686860e+00 -2.0315285e+00 3.0963046e+00
1.7900000e+01 -4.5271444e+00 -2.1224898e+00 3.1945824e+00
1.8000000e+01 -4.4837921e+00 -2.2126022e+00 3.2860539e+00
1.8100000e+01 -4.4386463e+00 -2.3018296e+00 3.3696154e+00
1.8200000e+01 -4.3917250e+00 -2.3901362e+00 3.4442823e+00
1.8300000e+01 -4.3430472e+00 -2.4774869e+00 3.5092066e+00
1.8400000e+01 -4.2926322e+00 -2.5638465e+00 3.5636919e+00
1.8500000e+01 -4.2405002e+00 -2.6491807e+00 3.6072040e+00
1.8600000e+01 -4.1866720e+00 -2.7334552e+00 3.6393780e+00
1.8700000e+01 -4.1311692e+00 -2.8166364e+00 3.6600213e+00
1.8800000e+01 -4.0740141e+00 -2.8986910e+00 3.6691124e+00
1.8900000e+01 -4.0152293e+00 -2.9795861e+00 3.6667959e+00
1.9000000e+01 -3.9548386e+00 -3.0592895e+00 3.6533736e+00
1.9100000e+01 -3.8928659e+00 -3.1377691e+00 3.6292930e+00
1.9200000e+01 -3.8293362e+00 -3.2149937e+00 3.5951318e+00
1.9300000e+01 -3.7642747e+00 -3.2909324e+00 3.5515811e+00
1.9400000e+01 -3.6977076e+00 -3.3655547e+00 3.4994267e+00
1.9500000e+01 -3.6296615e+00 -3.4388308e+00 3.4395296e+00
1.9600000e+01 -3.5601636e+00 -3.5107314e+00 3.3728055e+00
1.9700000e+01 -3.4892416e+00 -3.5812278e+00 3.3002056e+00
1.9800000e+01 -3.4169240e+00 -3.6502918e+00 3.2226977e+00
1.9900000e+01 -3.3432397e+00 -3.7178957e+00 3.1412490e+00
2.0000000e+01 -3.2682181e+00 -3.7840125e+00 3.0568112e+00
2.0100000e+01 -3.1918893e+00 -3.8486157e+00 2.9703073e+00
2.0200000e+01 -3.1142837e+00 -3.9116795e+00 2.8826217e+00
2.0300000e+01 -3.0354325e+00 -3.9731787e+00 2.7945926e+00
2.0400000e+01 -2.9553672e+00 -4.0330887e+00 2.7070073e+00
2.0500000e+01 -2.8741197e+00 -4.0913856e+00 2.6206006e+00
2.0600000e+01 -2.7917227e+00 -4.1480459e+00 2.5360545e+00
2.0700000e+01 -2.7082090e+00 -4.2030470e+00 2.4540019e+00
2.0800000e+01 -2.6236120e+00 -4.2563670e+00 2.3750298e+00
2.0900000e+01 -2.5379656e+00 -4.3079845e+00 2.2996859e+00
2.1000000e+01 -2.4513041e+00 -4.3578789e+00 2.2284845e+00
2.1100000e+01 -2.3636621e+00 -4.4060301e+00 2.1619133e+00
2.1200000e+01 -2.2750747e+00 -4.4524190e+00 2.1004397e+00
2.1300000e+01 -2.1855772e+00 -4.4970270e+00 2.0445160e+00
2.1400000e+01 -2.0952056e+00 -4.5398363e+00 1.9945842e+00
2.1500000e+01 -2.0039959e+00 -4.5808297e+00 1.9510781e+00
2.1600000e+01 -1.9119846e+00 -4.6199908e+00 1.9144236e+00
2.1700000e+01 -1.8192085e+00 -4.6573040e+00 1.8850380e+00
2.1800000e+01 -1.7257048e+00 -4.6927543e+00 1.8633251e+00
2.1900000e+01 -1.6315109e+00 -4.7263276e+00 1.8496696e+00
2.2000000e+01 -1.5366643e+00 -4.7580104e+00 1.8444290e+00
2.2100000e+01 -1.4412032e+00 -4.7877900e+00 1.8479233e+00
2.2200000e+01 -1.3451655e+00 -4.8156547e+00 1.8604234e+00
2.2300000e+01 -1.2485898e+00 -4.8415931e+00 1.8821388e+00
2.2400000e+01 -1.1515147e+00 -4.8655949e+00 1.9132044e+00
2.2500000e+01 -1.0539790e+00 -4.8876506e+00 1.9536676e+00
2.2600000e+01 -9.5602171e-01 -4.9077513e+00 2.0034756e+00
2.2700000e+01 -8.5768203e-01 -4.9258889e+00 2.0624647e+00
2.2800000e+01 -7.5899929e-01 -4.9420563e+00 2.1303509e+00
2.2900000e+01 -6.6001296e-01 -4.9562469e+00 2.2067228e+00
2.3000000e+01 -5.6076263e-01 -4.9684550e+00 2.2910375e+00
2.3100000e+01 -4.6128801e-01 -4.9786759e+00 2.3826198e+00
2.3200000e+01 -3.6162888e-01 -4.9869053e+00 2.4806647e+00
2.3300000e+01 -2.6182510e-01 -4.9931401e+00 2.5842434e+00
2.3400000e+01 -1.6191659e-01 -4.9973776e+00 2.6923127e+00
2.3500000e+01 -6.1943317e-02 -4.9996163e+00 2.8037289e+00
2.3600000e+01 3.8054731e-02 -4.9998552e+00 2.9172636e+00
2.3700000e+01 1.3803756e-01 -4.9980942e+00 3.0316233e+00
2.3800000e+01 2.3796517e-01 -4.9943340e+00 3.1454710e+00
2.3900000e+01 3.3779760e-01 -4.9885762e+00 3.2574499e+00
2.4000000e+01 4.3749492e-01 -4.9808230e+00 3.3662083e+00
2.4100000e+01 5.3701724e-01 -4.9710776e+00 3.4704244e+00
2.4200000e+01 6.3632477e-01 -4.9593438e+00 3.5688320e+00
2.4300000e+01 7.3537777e-01 -4.9456263e+00 3.6602441e+00
2.4400000e+01 8.3413663e-01 -4.9299306e+00 3.7435759e+00
2.4500000e+01 9.3256185e-01 -4.9122631e+00 3.8178645e+00
2.4600000e+01 1.0306141e+00 -4.8926306e+00 3.8822865e+00
2.4700000e+01 1.1282540e+00 -4.8710412e+00 3.9361721e+00
2.4800000e+01 1.2254427e+00 -4.8475035e+00 3.9790152e+00
2.4900000e+01 1.3221412e+00 -4.8220268e+00 4.0104799e+00
2.5000000e+01 1.4183109e+00 -4.7946214e+00 4.0304023e+00
2.5100000e+01 1.5139133e+00 -4.7652982e+00 4.0387896e+00
2.5200000e+01 1.6089101e+00 -4.7340689e+00 4.0358134e+00
2.5300000e+01 1.7032634e+00 -4.7009460e+00 4.0218011e+00
2.5400000e+01 1.7969355e+00 -4.6659429e+00 3.9972229e+00
2.5500000e+01 1.8898887e+00 -4.6290734e+00 3.9626771e+00
2.5600000e+01 1.9820860e+00 -4.5903524e+00 3.9188720e+00
2.5700000e+01 2.0734906e+00 -4.5497953e+00 3.8666074e+00
2.5800000e+01 2.1640657e+00 -4.5074183e+00 3.8067550e+00
2.5900000e+01 2.2537753e+00 -4.4632384e+00 3.7402378e+00
2.6000000e+01 2.3425834e+00 -4.4172733e+00 3.6680110e+00
2.6100000e+01 2.4304544e+00 -4.3695413e+00 3.5910436e+00
2.6200000e+01 2.5173534e+00 -4.3200616e+00 3.5103011e+00
2.6300000e+01 2.6032454e+00 -4.2688539e+00 3.4267313e+00
2.6400000e+01 2.6880961e+00 -4.2159387e+00 3.3412514e+00
2.6500000e+01 2.7718717e+00 -4.1613372e+00 3.2547383e+00
2.6600000e+01 2.8545385e+00 -4.1050712e+00 3.1680220e+00
2.6700000e+01 2.9360636e+00 -4.0471633e+00 3.0818812e+00
2.6800000e+01 3.0164143e+00 -3.9876365e+00 2.9970415e+00
2.6900000e+01 3.0955584e+00 -3.9265148e+00 2.9141767e+00
2.7000000e+01 3.1734644e+00 -3.8638224e+00 2.8339113e+00
2.7100000e+01 3.2501010e+00 -3.7995846e+00 2.7568255e+00
2.7200000e+01 3.3254376e+00 -3.7338271e+00 2.6834610e+00
2.7300000e+01 3.3994441e+00 -3.6665760e+00 2.6143271e+00
2.7400000e+01 3.4720909e+00 -3.5978584e+00 2.5499076e+00
2.7500000e+01 3.5433489e+00 -3.5277016e+00 2.4906671e+00
2.7600000e+01 3.6131896e+00 -3.4561339e+00 2.4370559e+00
2.7700000e+01 3.6815850e+00 -3.3831837e+00 2.3895146e+00
2.7800000e+01 3.7485079e+00 -3.3088803e+00 2.3484755e+00
2.7900000e+01 3.8139314e+00 -3.2332534e+00 2.3143635e+00
2.8000000e+01 3.8778294e+00 -3.1563332e+00 2.2875938e+00
2.8100000e+01 3.9401763e+00 -3.0781505e+00 2.2685675e+00
2.8200000e+01 4.0009472e+00 -2.9987366e+00 2.2576656e+00
2.8300000e+01 4.0601178e+00 -2.9181233e+00 2.2552397e+00
2.8400000e+01 4.1176644e+00 -2.8363428e+00 2.2616026e+00
2.8500000e+01 4.1735639e+00 -2.7534277e+00 2.2770158e+00
2.8600000e+01 4.2277941e+00 -2.6694113e+00 2.3016771e+00
2.8700000e+01 4.2803333e+00 -2.5843272e+00 2.3357077e+00
2.8800000e+01 4.3311603e+00 -2.4982094e+00 2.3791389e+00
2.8900000e+01 4.3802550e+00 -2.4110924e+00 2.4319001e+00
2.9000000e+01 4.4275976e+00 -2.3230109e+00 2.4938080e+00
2.9100000e+01 4.4731692e+00 -2.2340003e+00 2.5645575e+00
2.9200000e+01 4.5169516e+00 -2.1440961e+00 2.6437154e+00
2.9300000e+01 4.5589273e+00 -2.0533342e+00 2.7307164e+00
2.9400000e+01 4.5990795e+00 -1.9617511e+00 2.8248635e+00
2.9500000e+01 4.6373922e+00 -1.8693833e+00 2.9253301e+00
2.9600000e+01 4.6738499e+00 -1.7762678e+00 3.0311674e+00
2.9700000e+01 4.7084381e+00 -1.6824418e+00 3.1413146e+00
2.9800000e+01 4.7411431e+00 -1.5879428e+00 3.2546122e+00
2.9900000e+01 4.7719516e+00 -1.4928087e+00 3.3698196e+00
3.0000000e+01 4.8008514e+00 -1.3970775e+00 3.4856345e+00
3.0100000e+01 4.8278310e+00 -1.3007875e+00 3.6007148e+00
3.0200000e+01 4.8528795e+00 -1.2039771e+00 3.7137028e+00
3.0300000e+01 4.8759869e+00 -1.1066852e+00 3.8232500e+00
3.0400000e+01 4.8971439e+00 -1.0089507e+00 3.9280425e+00
3.0500000e+01 4.9163422e+00 -9.1081252e-01 4.0268255e+00
3.0600000e+01 4.9335740e+00 -8.1231008e-01 4.1184279e+00
3.0700000e+01 4.9488324e+00 -7.1348272e-01 4.2017839e+00
3.0800000e+01 4.9621114e+00 -6.1436998e-01 4.2759530e+00
3.0900000e+01 4.9734056e+00 -5.1501149e-01 4.3401368e+00
3.1000000e+01 4.9827105e+00 -4.1544701e-01 4.3936925e+00
3.1100000e+01 4.9900224e+00 -3.1571636e-01 4.4361421e+00
3.1200000e+01 4.9953383e+00 -2.1585943e-01 4.4671786e+00
3.1300000e+01 4.9986562e+00 -1.1591615e-01 4.4866674e+00
3.1400000e+01 4.9999746e+00 -1.5926509e-02 4.4946436e+00
3.1500000e+01 4.9992932e+00 8.4069502e-02 4.4913058e+00
3.1600000e+01 4.9966121e+00 1.8403189e-01 4.4770065e+00
3.1700000e+01 4.9919324e+00 2.8392066e-01 4.4522385e+00
3.1800000e+01 4.9852560e+00 3.8369587e-01 4.4176198e+00
3.1900000e+01 4.9765856e+00 4.8331761e-01 4.3738757e+00
3.2000000e+01 4.9659246e+00 5.8274602e-01 4.3218193e+00
3.2100000e+01 4.9532773e+00 6.8194135e-01 4.2623324e+00
3.2200000e+01 4.9386488e+00 7.8086391e-01 4.1963447e+00
3.2300000e+01 4.9220448e+00 8.7947413e-01 4.1248151e+00
3.2400000e+01 4.9034721e+00 9.7773258e-01 4.0487131e+00
3.2500000e+01 4.8829381e+00 1.0755999e+00 3.9690023e+00
3.2600000e+01 4.8604510e+00 1.1730371e+00 3.8866261e+00
3.2700000e+01 4.8360198e+00 1.2700050e+00 3.8024954e+00
3.2800000e+01 4.8096542e+00 1.3664650e+00 3.7174800e+00
3.2900000e+01 4.7813648e+00 1.4623784e+00 3.6324012e+00
3.3000000e+01 4.7511630e+00 1.5577068e+00 3.5480289e+00
3.3100000e+01 4.7190607e+00 1.6524122e+00 3.4650800e+00
3.3200000e+01 4.6850709e+00 1.7464567e+00 3.3842196e+00
3.3300000e+01 4.6492071e+00 1.8398026e+00 3.3060645e+00
3.3400000e+01 4.6114837e+00 1.9324125e+00 3.2311881e+00
3.3500000e+01 4.5719157e+00 2.0242496e+00 3.1601261e+00
3.3600000e+01 4.5305191e+00 2.1152770e+00 3.0933830e+00
3.3700000e+01 4.4873103e+00 2.2054583e+00 3.0314391e+00
3.3800000e+01 4.4423066e+00 2.2947574e+00 2.9747563e+00
3.3900000e+01 4.3955261e+00 2.3831387e+00 2.9237830e+00
3.4000000e+01 4.3469875e+00 2.4705668e+00 2.8789582e+00
3.4100000e+01 4.2967100e+00 2.5570066e+00 2.8407132e+00
3.4200000e+01 4.2447140e+00 2.6424237e+00 2.8094714e+00
3.4300000e+01 4.1910201e+00 2.7267839e+00 2.7856460e+00
3.4400000e+01 4.1356499e+00 2.8100533e+00 2.7696353e+00
3.4500000e+01 4.0786255e+00 2.8921988e+00 2.7618160e+00
3.4600000e+01 4.0199697e+00 2.9731875e+00 2.7625340e+00
3.4700000e+01 3.9597059e+00 3.0529869e+00 2.7720943e+00
3.4800000e+01 3.8978583e+00 3.1315652e+00 2.7907485e+00
3.4900000e+01 3.8344517e+00 3.2088908e+00 2.8186827e+00
3.5000000e+01 3.7695113e+00 3.2849330e+00 2.8560038e+00
3.5100000e+01 3.7030631e+00 3.3596612e+00 2.9027267e+00
3.5200000e+01 3.6351338e+00 3.4330456e+00 2.9587627e+00
3.5300000e+01 3.5657504e+00 3.5050569e+00 3.0239085e+00
3.5400000e+01 3.4949409e+00 3.5756662e+00 3.0978380e+00
3.5500000e+01 3.4227333e+00 3.6448452e+00 3.1800958e+00
3.5600000e+01 3.3491568e+00 3.7125664e+00 3.2700946e+00
3.5700000e+01 3.2742406e+00 3.7788025e+00 3.3671152e+00
3.5800000e+01 3.1980147e+00 3.8435273e+00 3.4703099e+00
3.5900000e+01 3.1205097e+00 3.9067146e+00 3.5787104e+00
3.6000000e+01 3.0417566e+00 3.9683393e+00 3.6912380e+00
3.6100000e+01 2.9617867e+00 4.0283768e+00 3.8067187e+00
3.6200000e+01 2.8806322e+00 4.0868029e+00 3.9238998e+00
3.6300000e+01 2.7983255e+00 4.1435944e+00 4.0414707e+00
3.6400000e+01 2.7148995e+00 4.1987285e+00 4.1580852e+00
3.6500000e+01 2.6303876e+00 4.2521831e+00 4.2723853e+00
3.6600000e+01 2.5448235e+00 4.3039369e+00 4.3830266e+00
3.6700000e+01 2.4582416e+00 4.3539693e+00 4.4887033e+00
3.6800000e+01 2.3706764e+00 4.4022600e+00 4.5881732e+00
3.6900000e+01 2.2821629e+00 4.4487900e+00 4.6802815e+00
3.7000000e+01 2.1927366e+00 4.4935405e+00 4.7639820e+00
3.7100000e+01 2.1024333e+00 4.5364936e+00 4.8383571e+00
3.7200000e+01 2.0112890e+00 4.5776322e+00 4.9026337e+00
3.7300000e+01 1.9193402e+00 4.6169398e+00 4.9561963e+00
3.7400000e+01 1.8266237e+00 4.6544007e+00 4.9985953e+00
3.7500000e+01 1.7331766e+00 4.6899999e+00 5.0295527e+00
3.7600000e+01 1.6390362e+00 4.7237231e+00 5.0489628e+00
3.7700000e+01 1.5442403e+00 4.7555570e+00 5.0568886e+00
3.7800000e+01 1.4488266e+00 4.7854886e+00 5.0535556e+00
3.7900000e+01 1.3528335e+00 4.8135062e+00 5.0393407e+00
3.8000000e+01 1.2562992e+00 4.8395984e+00 5.0147590e+00
3.8100000e+01 1.1592624e+00 4.8637548e+00 4.9804480e+00
3.8200000e+01 1.0617620e+00 4.8859658e+00 4.9371489e+00
3.8300000e+01 9.6383685e-01 4.9062224e+00 4.8856879e+00
3.8400000e+01 8.6552618e-01 4.9245167e+00 4.8269563e+00
3.8500000e+01 7.6686931e-01 4.9408412e+00 4.7618900e+00
3.8600000e+01 6.6790571e-01 4.9551894e+00 4.6914510e+00
3.8700000e+01 5.6867495e-01 4.9675556e+00 4.6166089e+00
3.8800000e+01 4.6921673e-01 4.9779349e+00 4.5383248e+00
3.8900000e+01 3.6957083e-01 4.9863230e+00 4.4575375e+00
3.9000000e+01 2.6977710e-01 4.9927167e+00 4.3751516e+00
3.9100000e+01 1.6987547e-01 4.9971134e+00 4.2920291e+00
3.9200000e+01 6.9905892e-02 4.9995113e+00 4.2089829e+00
3.9300000e+01 -3.0091648e-02 4.9999094e+00 4.1267740e+00
3.9400000e+01 -1.3007715e-01 4.9983077e+00 4.0461104e+00
3.9500000e+01 -2.3001063e-01 4.9947067e+00 3.9676490e+00
3.9600000e+01 -3.2985210e-01 4.9891079e+00 3.8919988e+00
3.9700000e+01 -4.2956164e-01 4.9815135e+00 3.8197265e+00
3.9800000e+01 -5.2909936e-01 4.9719266e+00 3.7513620e+00
3.9900000e+01 -6.2842544e-01 4.9603509e+00 3.6874055e+00
4.0000000e+01 -7.2750017e-01 4.9467912e+00 3.6283337e+00
4.0100000e+01 -8.2628390e-01 4.9312529e+00 3.5746058e+00
4.0200000e+01 -9.2473713e-01 4.9137421e+00 3.5266687e+00
4.0300000e+01 -1.0228205e+00 4.8942659e+00 3.4849600e+00
4.0400000e+01 -1.1204947e+00 4.8728320e+00 3.4499096e+00
4.0500000e+01 -1.2177208e+00 4.8494491e+00 3.4219396e+00
4.0600000e+01 -1.3144597e+00 4.8241264e+00 3.4014609e+00
4.0700000e+01 -1.4106730e+00 4.7968742e+00 3.3888690e+00
4.0800000e+01 -1.5063219e+00 4.7677032e+00 3.3845358e+00
4.0900000e+01 -1.6013684e+00 4.7366253e+00 3.3888014e+00
4.1000000e+01 -1.6957743e+00 4.7036528e+00 3.4019626e+00
4.1100000e+01 -1.7895019e+00 4.6687989e+00 3.4242610e+00
4.1200000e+01 -1.8825138e+00 4.6320775e+00 3.4558701e+00
4.1300000e+01 -1.9747727e+00 4.5935033e+00 3.4968824e+00
4.1400000e+01 -2.0662417e+00 4.5530918e+00 3.5472963e+00
4.1500000e+01 -2.1568842e+00 4.5108592e+00 3.6070044e+00
4.1600000e+01 -2.2466640e+00 4.4668222e+00 3.6757834e+00
4.1700000e+01 -2.3355452e+00 4.4209986e+00 3.7532857e+00
4.1800000e+01 -2.4234922e+00 4.3734066e+00 3.8390340e+00
4.1900000e+01 -2.5104698e+00 4.3240654e+00 3.9324188e+00
4.2000000e+01 -2.5964433e+00 4.2729945e+00 4.0326987e+00
4.2100000e+01 -2.6813782e+00 4.2202146e+00 4.1390054e+00
4.2200000e+01 -2.7652406e+00 4.1657466e+00 4.2503510e+00
4.2300000e+01 -2.8479969e+00 4.1096123e+00 4.3656399e+00
4.2400000e+01 -2.9296141e+00 4.0518343e+00 4.4836834e+00
4.2500000e+01 -3.0100595e+00 3.9924356e+00 4.6032178e+00
4.2600000e+01 -3.0893009e+00 3.9314399e+00 4.7229248e+00
4.2700000e+01 -3.1673066e+00 3.8688718e+00 4.8414545e+00
4.2800000e+01 -3.2440455e+00 3.8047561e+00 4.9574496e+00
4.2900000e+01 -3.3194867e+00 3.7391186e+00 5.0695702e+00
4.3000000e+01 -3.3936002e+00 3.6719855e+00 5.1765198e+00
4.3100000e+01 -3.4663564e+00 3.6033836e+00 5.2770691e+00
4.3200000e+01 -3.5377260e+00 3.5333405e+00 5.3700801e+00
4.3300000e+01 -3.6076806e+00 3.4618840e+00 5.4545271e+00
4.3400000e+01 -3.6761921e+00 3.3890429e+00 5.5295158e+00
4.3500000e+01 -3.7432332e+00 3.3148462e+00 5.5942987e+00
4.3600000e+01 -3.8087771e+00 3.2393235e+00 5.6482877e+00
4.3700000e+01 -3.8727975e+00 3.1625052e+00 5.6910620e+00
4.3800000e+01 -3.9352689e+00 3.0844220e+00 5.7223725e+00
4.3900000e+01 -3.9961662e+00 3.0051050e+00 5.7421422e+00
4.4000000e+01 -4.0554651e+00 2.9245860e+00 5.7504622e+00
4.4100000e+01 -4.1131418e+00 2.8428972e+00 5.7475841e+00
4.4200000e+01 -4.1691734e+00 2.7600713e+00 5.7339093e+00
4.4300000e+01 -4.2235373e+00 2.6761414e+00 5.7099746e+00
4.4400000e+01 -4.2762119e+00 2.5911410e+00 5.6764361e+00
4.4500000e+01 -4.3271760e+00 2.5051043e+00 5.6340509e+00
4.4600000e+01 -4.3764094e+00 2.4180655e+00 5.5836576e+00
4.4700000e+01 -4.4238922e+00 2.3300596e+00 5.5261562e+00
4.4800000e+01 -4.4696056e+00 2.2411216e+00 5.4624886e+00
4.4900000e+01 -4.5135311e+00 2.1512873e+00 5.3936190e+00
4.5000000e+01 -4.5556513e+00 2.0605924e+00 5.3205169e+00
4.5100000e+01 -4.5959493e+00 1.9690734e+00 5.2441406e+00
4.5200000e+01 -4.6344090e+00 1.8767667e+00 5.1654238e+00
4.5300000e+01 -4.6710150e+00 1.7837094e+00 5.0852645e+00
4.5400000e+01 -4.7057526e+00 1.6899386e+00 5.0045169e+00
4.5500000e+01 -4.7386080e+00 1.5954918e+00 4.9239854e+00
4.5600000e+01 -4.7695680e+00 1.5004069e+00 4.8444220e+00
4.5700000e+01 -4.7986203e+00 1.4047218e+00 4.7665259e+00
4.5800000e+01 -4.8257532e+00 1.3084749e+00 4.6909458e+00
4.5900000e+01 -4.8509558e+00 1.2117046e+00 4.6182833e+00
4.6000000e+01 -4.8742181e+00 1.1144496e+00 4.5490983e+00
4.6100000e+01 -4.8955308e+00 1.0167488e+00 4.4839154e+00
4.6200000e+01 -4.9148853e+00 9.1864139e-01 4.4232303e+00
4.6300000e+01 -4.9322740e+00 8.2016652e-01 4.3675165e+00
4.6400000e+01 -4.9476898e+00 7.2136359e-01 4.3172309e+00
4.6500000e+01 -4.9611266e+00 6.2227212e-01 4.2728186e+00
4.6600000e+01 -4.9725790e+00 5.2293175e-01 4.2347158e+00
4.6700000e+01 -4.9820425e+00 4.2338222e-01 4.2033513e+00
4.6800000e+01 -4.9895132e+00 3.2366333e-01 4.1791456e+00
4.6900000e+01 -4.9949882e+00 2.2381499e-01 4.1625075e+00
4.7000000e+01 -4.9984652e+00 1.2387713e-01 4.1538289e+00
4.7100000e+01 -4.9999429e+00 2.3889713e-02 4.1534774e+00
4.7200000e+01 -4.9994207e+00 -7.6107257e-02 4.1617864e+00
4.7300000e+01 -4.9968988e+00 -1.7607378e-01 4.1790444e+00
4.7400000e+01 -4.9923783e+00 -2.7596989e-01 4.2054825e+00
4.7500000e+01 -4.9858608e+00 -3.7575560e-01 4.2412615e+00
4.7600000e+01 -4.9773490e+00 -4.7539102e-01 4.2864591e+00
4.7700000e+01 -4.9668464e+00 -5.7483629e-01 4.3410565e+00
4.7800000e+01 -4.9543571e+00 -6.7405163e-01 4.4049277e+00
4.7900000e+01 -4.9398861e+00 -7.7299736e-01 4.4778289e+00
4.8000000e+01 -4.9234393e+00 -8.7163391e-01 4.5593911e+00
4.8100000e+01 -4.9050231e+00 -9.6992181e-01 4.6491150e+00
4.8200000e+01 -4.8846450e+00 -1.0678218e+00 4.7463686e+00
4.8300000e+01 -4.8623131e+00 -1.1652946e+00 4.8503889e+00
4.8400000e+01 -4.8380363e+00 -1.2623013e+00 4.9602869e+00
4.8500000e+01 -4.8118244e+00 -1.3588031e+00 5.0750557e+00
4.8600000e+01 -4.7836878e+00 -1.4547615e+00 5.1935829e+00
4.8700000e+01 -4.7536378e+00 -1.5501379e+00 5.3146659e+00
4.8800000e+01 -4.7216864e+00 -1.6448943e+00 5.4370303e+00
4.8900000e+01 -4.6878464e+00 -1.7389928e+00 5.5593510e+00
4.9000000e+01 -4.6521314e+00 -1.8323956e+00 5.6802751e+00
4.9100000e+01 -4.6145555e+00 -1.9250656e+00 5.7984464e+00
4.9200000e+01 -4.5751339e+00 -2.0169656e+00 5.9125307e+00
4.9300000e+01 -4.5338823e+00 -2.1080588e+00 6.0212411e+00
4.9400000e+01 -4.4908171e+00 -2.1983088e+00 6.1233620e+00
4.9500000e+01 -4.4459558e+00 -2.2876795e+00 6.2177730e+00
4.9600000e+01 -4.3993161e+00 -2.3761351e+00 6.3034692e+00
4.9700000e+01 -4.3509167e+00 -2.4636404e+00 6.3795800e+00
4.9800000e+01 -4.3007770e+00 -2.5501602e+00 6.4453841e+00
4.9900000e+01 -4.2489171e+00 -2.6356600e+00 6.5003209e+00
5.0000000e+01 -4.1953576e+00 -2.7201056e+00 6.5439985e+00
